100101101011001010001010111111011010001111010110
10001111001101100011011110101110
011110100010101000001101010010101110101011000010
01111110100000000101001101000010
101110010001001000000011011100111110000001001011
10111100011010001110011011010011
011001010001001010101000111111100110111000010001
10011100001111000011010100001100
110000111100110111011110001110111100101100010001
11110010001111110110101101111100
000100010111110010001100000010001001000010100001
11011010000110011100011110110010
001110100001110001111000010010000011001110010101
10001101010001010101111111010110
001111100100010111011110110001010001000001100001
00010111111011110110011011010010
001011100110111001000000010011000110001001100110
00101011101101110000111101000001
011000100100100001011011000000100000101111101010
01010111000110100010100101111100
111010000100001011000101111000000101010110101011
10101000010010110110010001111010
111001111010100100011011111000000010001111110111
10100011010010100110000110100000
101111001100001010111100011010000011011000010011
01110011001110000000111101010101
001010101011001011011000001110000011110010001000
11111111010010110110111111110110
111111000110011010010101110101101000101110010110
11011110010000100000001011101110
101100101010001011111001010010100110110010010011
00100100010011000101010111110101
